   0   1   7  10  21  26  24  36  36  38  39  42  49  53  65  70  63  76  81  80  83  86  94  97 106 115 109 124 120 109 114 120 129 133 129 137 141 140 152 155 160 165 162 175 171 186 189 187 195 203
   1   4  19  11  14  27  24  30  37  35  38  42  58  53  57  69  61  68  76  76  80  85  85  88  93 108 107 116 123 105 110 120 118 122 128 129 135 151 145 150 156 168 166 171 179 177 190 184 186 197
   3   5   8  17  22  20  20  23  25  33  36  38  42  55  61  55  57  61  64  76  77  80  87  99 103  99 102 108 109 101 111 114 120 134 141 133 139 146 151 145 156 156 163 163 176 181 186 195 196 193
   6  12  21  21  34  24  21  28  34  43  44  51  43  48  49  57  55  67  74  67  72  87  82  91  91  96  98 105 111 102 108 119 120 129 129 138 132 143 152 145 152 151 155 170 167 178 180 193 184 192
  13  17  25  23  28  24  34  27  28  29  37  42  56  52  55  54  67  62  64  66  81  83  91  85  91  91 101  92  97 100  99 106 122 125 134 132 128 135 139 143 144 158 151 158 174 175 175 183 188 192
  14  19  19  34  25  27  39  28  31  41  39  46  45  46  49  52  61  61  67  76  68  75  78  80  83  88  86  89  94 112 103 112 116 119 123 128 127 131 142 138 147 154 159 162 167 173 174 179 190 188
  15  20  26  41  43  26  28  32  34  34  36  40  51  47  47  49  52  57  60  62  65  70  83  80  83  86  90  96 100 103 107 115 127 122 123 129 134 141 147 146 151 161 172 166 170 176 182 193 197 197
  18  19  21  26  34  28  29  38  38  49  40  42  45  56  56  55  54  64  67  63  73  73  78  87  93  91  93 104 108 105 113 117 122 130 136 135 138 150 153 145 158 162 168 180 182 183 188 185 192 197
  19  21  38  29  30  33  41  44  39  40  42  45  46  50  52  56  70  72  70  65  68  75  74  79  85  90  88  95  99 102 106 111 114 120 124 130 132 140 145 149 157 166 167 174 181 190 189 198 202 204
  21  24  25  26  44  37  41  49  53  41  45  51  48  51  51  60  61  67  79  67  72  80  80  83  82  93  99 107 100 105 111 117 121 125 127 137 144 152 149 153 160 170 172 177 181 194 201 209 202 209
  23  26  37  30  44  44  43  57  53  44  48  51  62  56  65  67  65  76  83  71  76  81  90  92  83  98  98  96 107 112 117 122 120 132 129 145 144 144 157 163 167 173 173 185 184 183 189 192 209 214
  25  30  46  32  36  52  48  59  62  47  51  56  56  59  65  79  70  83  92  75  80  87  88  93  89  90 101 113 104 113 118 128 124 131 138 137 149 145 147 153 159 167 171 177 191 188 201 194 197 204
  28  32  36  43  48  46  48  52  55  64  55  59  64  72  75  75  73  81  82  76  85  89  95 106 102  94 100 106 111 111 120 126 135 128 145 142 149 156 158 156 166 174 182 179 180 186 192 206 209 211
  32  43  36  44  41  48  49  58  65  57  62  72  64  73  72  80  76  85  93  78  90  99  97 108 100 106 104 115 124 114 127 123 127 142 141 149 154 165 154 160 173 169 174 188 188 196 202 198 200 205
  40  47  43  48  51  48  57  57  58  60  71  76  72  78  82  81  92  87  84  81  82  89 106 109 113 107 103 107 111 118 117 131 127 134 149 151 149 154 159 165 168 183 175 189 198 202 203 209 210 216
  42  49  45  45  49  52  67  58  64  72  71  78  75  77  81  86  84  89  93  98  86  95  99 102 106 112 105 111 117 116 122 132 134 138 143 152 152 159 166 164 174 185 185 190 197 205 206 214 221 217
  44  52  56  46  47  49  52  62  60  62  65  70  84  78  81  84  88  95  96  96  90 101 110 105 108 113 115 122 125 120 127 139 149 142 147 152 158 168 173 173 180 190 181 190 195 201 211 222 227 223
  48  52  55  58  52  55  54  64  67  63  70  73  78  86  90  90  92 103 103  95 101 102 109 117 117 118 118 131 132 123 134 140 147 156 158 159 164 160 167 173 186 191 194 187 204 208 215 212 220 228
  50  55  54  58  54  59  68  71  70  65  71  75  74  79  82  92  88  95 102  98 102 107 110 119 120 125 116 131 134 127 135 143 145 156 159 166 165 174 179 180 187 196 197 202 207 216 216 212 226 231
  53  60  56  58  55  64  69  77  84  67  72  80  80  83  84  93  99 107 100 103 108 114 115 120 122 132 123 139 131 135 141 150 150 155 159 172 178 187 178 185 194 204 205 207 210 223 231 213 217 223
  56  62  71  63  72  71  70  86  83  71  76  81  90  92  83  98  98  96 107 108 113 119 113 127 123 139 128 130 145 141 147 154 151 163 162 160 166 169 187 190 199 206 205 219 211 213 224 217 218 231
  59  67  65  68  73  84  75  89  92  75  80  87  89  93  89  90 101 113 104 113 118 126 116 125 132 131 138 131 133 143 150 161 155 165 173 163 179 171 174 181 188 197 202 216 226 217 234 220 224 234
  63  68  73  80  81  81  78  85  80  76  85  89  95 106 102  94 100 106 111 111 123 126 129 122 139 136 143 138 144 142 156 160 169 161 162 169 180 185 186 185 196 206 218 209 211 224 231 234 237 239
  68  81  73  84  80  86  81  92  94  78  90  99  97 108 100 106 104 115 124 114 127 123 127 135 135 143 148 156 140 146 160 154 159 176 167 177 186 180 183 190 202 202 208 206 217 227 234 231 235 243
  77  86  81  87  90  89  97  90  84  81  82  89 106 110 112 107 103 107 111 118 117 131 127 137 149 150 149 154 145 151 154 170 161 176 178 184 186 191 192 198 200 199 202 215 211 218 222 229 242 250
  80  89  84  86  89  94  90  93  89  98  86  95  99  99 103 112 105 111 117 116 122 132 134 138 143 152 152 159 159 153 160 171 172 177 184 191 190 197 204 199 207 215 214 217 224 232 231 238 251 251
  83  93  95  88  91  94  97 102  97  93  90 101 110 102 106 113 115 122 125 120 127 136 149 142 147 153 159 169 164 158 166 177 168 177 182 188 197 208 210 205 214 224 211 221 227 236 243 235 251 257
  88  93  98  95 101  99  99 110 102  95 101 102 109 117 117 118 118 131 132 123 134 140 146 155 159 160 164 161 171 162 174 179 182 174 191 195 202 199 214 211 223 229 219 220 219 227 234 238 252 256
  91  97  97 104 100 105  98 111 104  98 102 107 110 119 120 126 116 131 134 127 135 144 145 156 159 167 165 174 177 167 177 185 185 188 193 203 203 200 212 217 225 235 225 235 226 242 243 240 254 259
  95 105 100 104 101 111 104 116 103 101 107 113 116 120 122 133 123 139 131 135 141 151 150 157 159 171 178 186 176 172 183 193 192 194 197 210 217 201 205 211 219 236 235 241 232 233 234 236 241 248
  99 106 117 110 102 117 108 109 115 106 112 118 113 127 123 139 128 130 145 141 147 154 151 163 162 160 166 169 187 179 190 198 192 206 198 200 212 205 205 219 227 236 236 234 241 236 250 241 243 257
 103 112 112 114 108 109 115 124 111 116 120 127 116 125 132 131 138 131 133 143 150 161 155 165 173 163 179 171 174 186 194 206 197 205 214 204 221 208 212 221 229 226 232 246 238 243 242 246 251 261
 108 116 122 128 121 113 119 126 118 113 123 129 129 122 139 136 143 138 144 142 156 160 169 161 162 169 177 185 186 188 200 206 212 207 208 215 224 217 225 226 238 242 233 237 241 255 257 246 262 267
 114 130 121 132 119 124 123 135 133 116 130 125 129 137 135 143 148 155 140 146 160 154 159 176 167 177 183 181 183 190 202 201 211 205 217 227 231 219 223 232 227 231 245 240 248 247 262 249 253 260
 115 129 131 136 132 125 121 128 124 120 122 136 128 137 145 150 148 154 145 151 155 164 163 176 180 186 185 191 193 198 201 198 201 214 211 218 222 229 233 239 232 234 238 239 241 255 254 262 265 275
 119 128 132 135 133 130 123 129 133 121 127 140 133 141 147 154 151 159 159 152 161 172 173 176 182 191 189 197 203 199 208 215 214 220 223 231 231 238 243 240 248 234 246 252 254 264 264 272 262 267
 123 134 145 137 134 134 128 139 132 125 132 141 150 143 148 155 161 171 163 157 167 177 168 177 183 189 196 208 210 205 215 224 210 220 227 234 242 233 249 250 250 235 238 245 257 267 276 269 278 279
 129 135 142 151 146 139 132 148 138 128 139 144 152 158 160 162 165 163 170 161 175 179 182 174 192 196 202 199 212 211 224 229 226 218 219 227 234 237 253 254 244 243 252 250 250 267 273 273 272 282
 133 140 143 153 147 145 134 149 141 132 140 149 150 159 163 170 167 176 177 166 176 184 184 188 193 204 204 200 213 217 225 234 224 235 226 242 243 239 253 259 260 252 259 249 258 259 269 269 281 292
 138 146 148 153 148 153 141 153 139 136 146 156 155 162 165 177 180 188 175 171 183 192 192 192 197 210 217 201 205 211 219 236 235 241 232 233 234 236 241 248 262 253 267 257 268 261 263 266 272 284
 143 151 146 160 150 164 146 149 150 142 152 159 156 170 167 166 172 175 190 178 190 198 192 206 198 200 212 205 205 219 227 236 236 234 241 236 250 241 243 257 266 270 269 259 271 265 280 272 275 276
 148 158 149 158 162 155 157 150 150 148 158 168 160 170 178 169 180 178 181 188 197 207 197 205 215 204 221 208 212 221 229 226 232 246 238 243 242 246 251 266 275 264 276 276 267 273 274 279 285 276
 154 163 162 155 172 163 162 163 157 151 162 170 174 168 167 175 183 191 193 191 204 210 212 207 206 213 224 217 225 226 238 242 233 237 241 255 257 247 263 266 263 278 274 278 271 282 289 280 280 287
 167 160 164 168 171 173 167 172 156 155 171 166 173 182 172 183 189 186 189 196 209 207 213 205 212 222 231 219 223 232 227 231 245 240 248 248 262 250 254 261 264 269 282 279 287 282 298 284 289 297
 163 171 161 175 183 175 165 170 165 160 163 181 173 187 189 189 191 197 198 203 205 204 207 221 212 226 223 230 233 239 232 234 238 239 241 256 254 262 269 275 274 273 280 279 282 291 299 293 301 307
 168 178 166 172 179 178 168 175 172 162 169 183 183 188 193 200 195 203 209 203 212 221 219 225 219 234 232 239 244 241 248 234 246 249 254 265 264 272 263 268 283 273 289 293 296 290 304 308 296 307
 173 185 183 176 181 183 174 186 178 167 175 188 179 189 194 201 205 214 215 209 219 230 216 226 231 238 243 233 249 250 250 235 238 252 257 267 276 269 278 280 291 275 279 294 301 304 298 301 297 311
 180 188 181 190 193 189 179 180 182 171 183 190 192 185 203 208 211 209 223 214 228 235 231 224 225 240 243 236 254 254 244 243 252 250 250 267 272 273 272 283 281 292 280 284 287 288 305 306 299 313
 185 194 185 197 196 194 182 196 187 176 187 195 194 199 204 215 213 208 220 221 232 241 230 240 232 247 248 238 254 260 260 252 259 249 258 258 268 268 281 291 298 283 294 286 299 290 302 303 300 316
 191 201 190 197 199 204 190 202 187 181 194 203 203 203 209 222 227 209 213 225 235 244 243 245 238 238 239 241 246 253 269 253 267 257 267 260 262 265 271 279 280 282 297 300 308 293 296 300 307 324

